Q1b:

x =

     0


Epsilon =

   1.0000e-03


N =

    10


x2 =

     []


x2 =

    0.3000

tolerance reached

x2 =

    0.3000    0.7227    0.7782    0.7881    0.7899    0.7903
