Q1b:
a1 =

    2.5000    2.8750    2.8750    2.9688    2.9688    2.9922    2.9922    2.9980    2.9980    2.9995


b1 =

    3.2500    3.2500    3.0625    3.0625    3.0156    3.0156    3.0039    3.0039    3.0010    3.0010

an= 2.999512 ,bn= 3.000977
The root of the equation is =2.999512
