Q2B:
input:
A =

   -0.2097   -1.0298    0.1352
    0.6252    0.9492    0.5152
    0.1832    0.3071    0.2614

output:

Geometric multiplicity is 3

o =
     3

second input:

A =

   -0.9415   -0.5320   -0.4838
   -0.1623    1.6821   -0.7120
   -0.1461   -0.8757   -1.1742


Geometric multiplicity is 3

o =

     3