Q2d:
input:
A =

    0.3232    1.8586    0.5632
   -0.7841   -0.6045    0.1136
   -1.8054    0.1034   -0.9047

output:
P =

   0.2800 + 0.5789i   0.2800 - 0.5789i   0.0079 + 0.0000i
  -0.3295 + 0.0906i  -0.3295 - 0.0906i  -0.2949 + 0.0000i
  -0.6853 + 0.0000i  -0.6853 + 0.0000i   0.9555 + 0.0000i


D =

  -0.1172 + 1.5115i   0.0000 + 0.0000i   0.0000 + 0.0000i
   0.0000 + 0.0000i  -0.1172 - 1.5115i   0.0000 + 0.0000i
   0.0000 + 0.0000i   0.0000 + 0.0000i  -0.9516 + 0.0000i


P_inverse =

   0.1335 - 0.7978i  -0.8536 - 0.4213i  -0.2646 - 0.1234i
   0.1335 + 0.7978i  -0.8536 + 0.4213i  -0.2646 + 0.1234i
   0.1915 - 0.0000i  -1.2244 - 0.0000i   0.6671 - 0.0000i


Check =

   0.3232 + 0.0000i   1.8586 - 0.0000i   0.5632 - 0.0000i
  -0.7841 - 0.0000i  -0.6045 + 0.0000i   0.1136 - 0.0000i
  -1.8054 + 0.0000i   0.1034 + 0.0000i  -0.9047 - 0.0000i

Condition satisfied


Second set input:
A =

   -0.4677   -0.8608   -0.2339
   -0.1249    0.7847   -1.0570
    1.4790    0.3086   -0.2841


output:

P =

  -0.2069 + 0.4585i  -0.2069 - 0.4585i  -0.4257 + 0.0000i
   0.3312 + 0.2991i   0.3312 - 0.2991i   0.8692 + 0.0000i
   0.7402 + 0.0000i   0.7402 + 0.0000i  -0.2516 + 0.0000i


D =

  -0.5595 + 1.0408i   0.0000 + 0.0000i   0.0000 + 0.0000i
   0.0000 + 0.0000i  -0.5595 - 1.0408i   0.0000 + 0.0000i
   0.0000 + 0.0000i   0.0000 + 0.0000i   1.1518 + 0.0000i


P_inverse =

  -0.0849 - 0.8202i   0.1302 - 0.4144i   0.5935 - 0.0439i
  -0.0849 + 0.8202i   0.1302 + 0.4144i   0.5935 + 0.0439i
  -0.4997 + 0.0000i   0.7661 + 0.0000i  -0.4825 + 0.0000i


Check =

  -0.4677 - 0.0000i  -0.8608 - 0.0000i  -0.2339 - 0.0000i
  -0.1249 + 0.0000i   0.7847 + 0.0000i  -1.0570 - 0.0000i
   1.4790 - 0.0000i   0.3086 + 0.0000i  -0.2841 + 0.0000i

Condition satisfied